11013,0,600,42675,DONE
411,0,18497,42675,DONE
1966,0,20567,42675,DONE
2543,0,6148,42675,COMPLETED
9635,0,4470,42675,COMPLETED
2423,0,400,42675,DONE
2393,0,10737,42675,DONE
3693,0,15447,42675,DONE
772,0,24009,42675,DONE
5270,0,44749,42675,COMPLETED
2070,0,12138,42675,DONE
142,0,900,42676,DONE
9,0,800,42676,DONE
3424,0,900,42677,DONE
10364,0,4200,42677,DONE
539,0,700,42677,DONE
3554,0,1100,42677,DONE
979,0,1000,42677,DONE
2714,0,1300,42677,DONE
4034,0,8000,42678,DONE
401,0,6000,42678,DONE
4484,0,29511,42678,DONE
3374,0,200,42678,DONE
3545,0,900,42678,DONE
3047,0,600,42678,DONE
96,0,1100,42679,DONE
3424,0,44162,42679,DONE
461,0,600,42679,DONE
5622,0,24023,42679,DONE
3554,0,900,42679,DONE
3026,0,400,42679,DONE
3593,0,200,42679,DONE
3834,0,6600,42679,DONE
128,0,300,42680,DONE
3787,0,800,42680,DONE
5622,0,33410,42680,DONE
212,1,14800,42680,COMPLETED
3691,0,400,42680,DONE
1054,0,800,42680,DONE
2433,0,500,42680,DONE
2378,0,19136,42681,DONE
2378,1,33900,42681,COMPLETED
1019,0,4100,42681,DONE
456,1,10500,42681,COMPLETED
459,0,13400,42681,DONE
772,1,600,42681,COMPLETED
4937,0,700,42681,DONE
2124,0,500,42681,DONE
11295,0,3700,42681,DONE
322,0,1000,42681,DONE
3168,0,1000,42681,DONE
1536,0,100,42682,DONE
2676,0,3300,42682,DONE
4355,0,800,42682,DONE
2970,0,9400,42682,DONE
3554,0,45925,42682,DONE
4484,0,41740,42683,DONE
2396,0,500,42683,DONE
280,0,6200,42683,DONE
2425,0,8000,42683,DONE
1678,0,200,42683,DONE
925,0,500,42684,DONE
4055,0,3100,42684,DONE
1005,0,300,42684,DONE
4484,0,31332,42684,DONE
4484,1,62100,42684,COMPLETED
2110,0,600,42684,DONE
9307,0,7100,42684,DONE
9265,0,28361,42684,DONE
5065,1,4000,42684,COMPLETED
697,0,200,42684,DONE
5891,1,4500,42685,COMPLETED
477,0,900,42685,DONE
1366,0,900,42685,DONE
3117,0,900,42685,DONE
1050,0,1000,42685,DONE
1000,1,1500,42685,COMPLETED
2242,0,300,42686,DONE
1750,1,2500,42686,COMPLETED
2023,0,2700,42686,DONE
1649,0,11000,42686,DONE
562,0,300,42686,DONE
197,0,800,42686,DONE
5369,0,900,42686,DONE
6473,1,8900,42686,COMPLETED
6473,0,23990,42686,DONE
2670,1,1400,42687,COMPLETED
496,0,800,42687,DONE
2566,0,10700,42687,DONE
1127,0,1800,42687,DONE
7401,0,1100,42687,DONE
9,0,10900,42687,DONE
2,0,1100,42687,DONE
1829,0,900,42688,DONE
428,0,200,42688,DONE
4296,0,5200,42688,DONE
3651,0,800,42688,DONE
2486,0,200,42688,DONE
1688,0,800,42688,DONE
3008,0,200,42688,DONE
9203,0,900,42688,DONE
2902,0,3900,42688,DONE
1575,0,900,42688,DONE
361,0,600,42688,DONE
1775,0,900,42688,DONE
1019,0,33.4,42689,
1000,0,22.4,42689,
982,0,18.7,42689,
2378,1,14.6,42689,COMPLETED
1844,0,15.6,42689,
2632,0,121.8,42689,
2647,0,35.1,42689,
2670,0,10.8,42689,
2676,0,22.3,42689,
5891,0,21.6,42689,
1536,0,31,42689,
1477,0,9.8,42689,
1493,0,21.7,42689,
890,0,23,42689,
866,0,103.2,42689,
943,0,13.7,42689,
862,0,139.2,42689,
6473,0,102,42689,
9265,0,21.3,42689,
10364,0,38.3,42689,
1338,0,160,42689,
3760,0,110.5,42689,
3909,0,58.6,42689,
3818,0,83.4,42689,
3834,0,34.7,42689,
374,0,68.6,42689,
11295,0,31,42689,
9635,0,20.3,42689,
9,0,5.4,42689,
704,0,89.3,42689,
652,0,110.6,42689,
627,0,61.5,42689,
3693,0,2.9,42689,
3007,0,72.7,42689,
1675,0,13.7,42689,
1628,0,20.7,42689,
1637,0,25.9,42689,
1801,0,2.9,42689,
1695,0,50.1,42689,
1750,0,14,42689,
1726,0,110,42689,
2543,0,16.2,42689,
2574,0,39,42689,
3424,0,73.8,42689,
4034,0,23.7,42689,
485,0,249,42689,
576,0,29.6,42689,
2070,0,3,42689,
2087,0,117.3,42689,
2122,0,199,42689,
4055,0,21.1,42689,
3554,0,57.9,42689,
3983,0,53.1,42689,
3510,0,99.3,42689,
1539,0,150.6,42689,
2099,0,220,42689,
2585,0,38,42689,
5065,0,26.2,42689,
2177,0,24.7,42689,
2256,0,12.9,42689,
280,0,19.3,42689,
346,0,62,42689,
2122,0,39285,42689,DONE
1127,0,11.5,42689,
1132,0,146.1,42689,
1966,0,47.9,42689,
1926,0,54.6,42689,
2023,0,15.7,42689,
1972,0,23.7,42689,
3592,0,27.5,42689,
3514,0,13.1,42689,
3487,0,111.9,42689,
793,0,17.5,42689,
813,0,35.5,42689,
772,0,32,42689,
1801,0,18972,42689,DONE
3693,0,3200,42689,DONE
212,0,52.1,42689,
4937,0,44455,42689,DONE
2357,0,30.1,42689,
2378,0,344.8,42689,
2393,0,84.8,42689,
2379,0,55.9,42689,
2425,0,18.5,42689,
2434,0,12.6,42689,
2484,0,117.6,42689,
5270,0,268.5,42689,
5622,0,90.2,42689,
4937,0,6.7,42689,
7753,0,119.6,42689,
9307,0,25.8,42689,
9265,0,25.6,42689,
401,0,34.1,42689,
477,0,13.6,42689,
411,0,42.2,42689,
465,0,44.1,42689,
456,0,50.9,42689,
1276,0,84.3,42689,
4296,0,7.2,42689,
4484,0,70,42689,
4240,0,88,42689,
11265,0,43.9,42689,
11295,0,27.6,42689,
2902,0,7.2,42689,
2925,0,70.4,42689,
2970,0,23.2,42689,
2881,0,65.2,42689,
2884,0,18.5,42689,
2926,0,48.1,42689,
2070,0,7700,42689,DONE
4078,0,2500,42762,DONE
1843,0,3900,42762,DONE
239,0,300,42762,DONE
2714,0,10800,42762,DONE
2378,1,21400,42763,COMPLETED
3302,0,700,42763,DONE
2763,0,33035,42763,DONE
704,1,8900,42763,COMPLETED
3818,1,4200,42763,COMPLETED
2378,0,7077,42764,DONE
1713,0,700,42764,DONE
415,0,400,42764,DONE
1077,0,1000,42764,DONE
4134,0,500,42764,DONE
3513,0,500,42764,DONE
2632,1,6900,42764,COMPLETED
2099,0,30557,42764,DONE
5868,0,10200,42765,DONE
1539,1,13400,42765,COMPLETED
485,1,8100,42765,COMPLETED
485,0,18451,42765,DONE
2574,0,2900,42765,DONE
2484,1,8100,42765,COMPLETED
1695,0,5200,42765,DONE
1805,0,9500,42765,DONE
3007,0,900,42765,DONE
4937,0,8813,42765,DONE
9265,0,37305,42765,DONE
1378,0,1100,42765,DONE
1726,1,3200,42765,COMPLETED
862,1,10700,42765,COMPLETED
2434,0,10600,42765,DONE
2503,0,600,42766,DONE
1132,1,11800,42766,COMPLETED
485,1,25300,42766,COMPLETED
1830,0,11538,42766,DONE
2670,0,24381,42766,DONE
2177,0,5123,42766,COMPLETED
1366,0,7626,42766,DONE
3960,0,4807,42766,COMPLETED
1127,0,23330,42766,DONE
2342,0,3247,42766,COMPLETED
4484,1,8900,42766,COMPLETED
8051,0,26040,42766,COMPLETED
1909,0,3191,42766,COMPLETED
559,0,300,42766,DONE
244,0,3972,42766,COMPLETED
374,0,23041,42766,COMPLETED
1699,0,5224,42766,COMPLETED
2396,0,4203,42766,COMPLETED
1806,0,5029,42766,COMPLETED
764,0,6238,42766,COMPLETED
793,0,3401,42766,COMPLETED
6473,0,42227,42766,DONE
6555,0,300,42766,DONE
2902,0,20213,42766,DONE
2881,0,2700,42766,DONE
11265,0,7618,42766,DONE
346,0,19935,42766,DONE
2429,0,14609,42766,DONE
2433,0,4718,42766,COMPLETED
2242,0,43493,42767,COMPLETED
1144,0,3375,42767,COMPLETED
1134,0,11970,42767,DONE
485,1,1591,42767,DONE
465,0,6800,42767,DONE
461,0,6388,42767,COMPLETED
401,0,12817,42767,DONE
882,0,300,42767,DONE
744,0,400,42767,DONE
197,0,21718,42767,DONE
192,0,5859,42767,COMPLETED
2122,0,7597,42767,DONE
3008,0,6934,42767,COMPLETED
943,0,3217,42767,COMPLETED
3983,0,14626,42767,DONE
3983,1,200,42767,COMPLETED
9265,1,19000,42767,COMPLETED
979,0,17914,42767,DONE
982,0,4550,42767,DONE
3871,0,4356,42767,COMPLETED
2861,0,5915,42767,COMPLETED
5369,0,5643,42767,DONE
1730,0,6689,42767,COMPLETED
652,1,4800,42767,COMPLETED
361,0,23638,42767,DONE
2241,0,11584,42768,DONE
2378,1,9612,42768,DONE
86,0,800,42768,DONE
142,0,4555,42768,COMPLETED
3787,0,20950,42768,DONE
4034,0,5080,42768,DONE
2220,0,6153,42768,COMPLETED
485,1,3572,42768,DONE
435,0,5039,42768,COMPLETED
465,0,12785,42768,COMPLETED
1179,0,4212,42768,COMPLETED
496,0,5404,42768,DONE
411,0,2900,42768,DONE
1843,0,17632,42768,COMPLETED
1844,0,3242,42768,COMPLETED
2330,0,3395,42768,COMPLETED
890,0,10700,42768,DONE
3651,0,5081,42768,COMPLETED
1926,0,3900,42768,DONE
3514,0,3399,42768,COMPLETED
1972,0,5298,42768,COMPLETED
1601,0,4042,42768,COMPLETED
10364,0,14493,42768,DONE
982,0,8200,42768,DONE
1000,0,31348,42768,COMPLETED
2519,0,5544,42768,COMPLETED
9188,0,12710,42768,COMPLETED
3047,0,3474,42768,COMPLETED
1575,0,5448,42768,COMPLETED
627,0,700,42768,DONE
1775,0,6932,42768,COMPLETED
1545,0,200,42769,DONE
830,0,16623,42769,DONE
485,1,7421,42769,DONE
2666,0,600,42769,DONE
4240,0,27666,42769,COMPLETED
3935,0,1000,42769,DONE
396,0,1000,42769,DONE
415,0,13110,42769,DONE
1477,0,3151,42769,COMPLETED
2694,0,700,42769,DONE
1006,0,3737,42769,COMPLETED
1126,0,1100,42769,DONE
3510,1,300,42769,COMPLETED
1276,0,6774,42769,DONE
1276,1,2200,42769,COMPLETED
3734,0,1000,42769,DONE
2393,1,2500,42769,COMPLETED
3007,0,22452,42769,DONE
944,0,16927,42769,DONE
944,0,500,42769,DONE
2453,0,400,42769,DONE
862,0,44333,42769,COMPLETED
11295,0,18347,42769,DONE
3168,0,6303,42769,COMPLETED
2429,0,5100,42769,DONE
925,0,18500,42770,DONE
1019,0,19746,42770,DONE
4596,0,700,42770,DONE
1005,0,34483,42770,COMPLETED
1132,0,48098,42770,COMPLETED
890,0,7041,42770,DONE
2489,0,900,42770,DONE
8051,1,700,42770,COMPLETED
2926,0,10584,42770,DONE
4134,0,9556,42770,DONE
2763,0,31986,42770,DONE
3734,0,4939,42770,DONE
212,0,49590,42770,COMPLETED
1979,0,3021,42770,COMPLETED
1688,0,5439,42770,COMPLETED
2632,0,14264,42770,DONE
2087,1,6500,42770,COMPLETED
3704,0,6242,42770,COMPLETED
3691,0,6540,42770,COMPLETED
2122,1,28500,42770,COMPLETED
2895,0,300,42770,DONE
652,0,13851,42770,DONE
3487,1,3800,42770,COMPLETED
3818,0,17366,42770,DONE
2241,0,8700,42771,DONE
2379,0,5072,42771,DONE
7753,1,12000,42771,COMPLETED
830,0,2100,42771,DONE
456,0,47831,42771,COMPLETED
2647,0,12015,42771,DONE
2647,0,1600,42771,DONE
1830,0,7700,42771,DONE
1944,0,17980,42771,DONE
4240,1,14300,42771,COMPLETED
3302,0,3008,42771,COMPLETED
1965,0,12200,42771,DONE
5622,1,14900,42771,COMPLETED
2555,0,1100,42771,DONE
2555,0,19022,42771,DONE
2694,0,17585,42771,DONE
1006,0,11300,42771,DONE
882,0,11587,42771,DONE
2425,0,8905,42771,DONE
2023,0,23524,42771,DONE
244,0,10100,42771,DONE
374,1,11900,42771,COMPLETED
3592,0,6007,42771,COMPLETED
9188,0,3700,42771,DONE
2884,0,8300,42771,DONE
317,0,800,42771,DONE
317,0,5922,42771,COMPLETED
2379,1,2600,42772,COMPLETED
86,0,3243,42772,COMPLETED
96,0,44221,42772,COMPLETED
1134,0,8200,42772,DONE
2219,0,400,42772,DONE
813,0,12154,42772,COMPLETED
4078,0,23736,42772,DONE
494,0,400,42772,DONE
1750,0,24863,42772,DONE
2925,1,1900,42772,COMPLETED
576,0,6207,42772,COMPLETED
3026,0,20740,42772,DONE
2581,0,500,42772,DONE
1731,0,4758,42772,COMPLETED
2884,0,5810,42772,DONE
697,0,22067,42772,DONE
866,1,8400,42772,COMPLETED
866,0,12644,42772,DONE
627,0,22349,42772,DONE
1678,0,23116,42772,DONE
5891,0,32594,42773,COMPLETED
112,0,200,42773,DONE
1536,0,25609,42773,COMPLETED
813,0,700,42773,DONE
3674,0,1000,42773,DONE
4055,0,20281,42773,DONE
2293,0,6745,42773,COMPLETED
1829,0,7429,42773,DONE
1338,1,2400,42773,COMPLETED
2666,0,2901,42773,COMPLETED
428,0,6614,42773,COMPLETED
395,0,400,42773,DONE
1222,0,6310,42773,COMPLETED
2574,0,14319,42773,DONE
2357,0,6434,42773,COMPLETED
2484,0,14779,42773,DONE
2423,0,5671,42773,COMPLETED
1926,0,4507,42773,DONE
2039,0,300,42773,DONE
2925,0,6446,42773,DONE
3374,0,24784,42773,DONE
704,0,17477,42773,DONE
7401,0,20236,42773,COMPLETED
2,0,20236,42773,COMPLETED
1628,0,4276,42773,COMPLETED
1054,0,9650,42773,DONE
1050,0,25317,42773,COMPLETED
3593,0,15787,42773,DONE
2712,0,400,42773,DONE
2585,0,4200,42773,DONE
3834,0,13875,42773,DONE
346,1,7900,42773,COMPLETED
280,0,12043,42773,DONE
2434,0,4391,42773,DONE
1675,0,4327,42773,COMPLETED
163,0,6698,42774,COMPLETED
112,0,6582,42774,COMPLETED
123,0,200,42774,DONE
477,0,16392,42774,DONE
2676,0,15263,42774,DONE
11013,0,42244,42774,COMPLETED
9640,0,19106,42774,COMPLETED
9640,0,1100,42774,DONE
4296,0,18729,42774,DONE
1493,0,5009,42774,COMPLETED
1481,0,3098,42774,COMPLETED
2763,1,18300,42774,COMPLETED
744,0,5740,42774,COMPLETED
3117,0,5355,42774,COMPLETED
2974,0,1100,42774,DONE
2110,0,3076,42774,COMPLETED
2099,1,27200,42774,COMPLETED
2256,0,4729,42774,COMPLETED
3545,0,20203,42774,DONE
1637,0,5718,42774,COMPLETED
3909,0,24400,42774,DONE
1378,0,24419,42774,DONE
2453,0,3285,42774,COMPLETED
2714,0,1300,42774,DONE
2970,0,9658,42774,DONE
2585,0,14963,42774,DONE
2581,0,19653,42774,DONE
2124,0,21431,42774,DONE
1726,0,13967,42774,DONE
2881,0,6959,42774,DONE
3487,0,15914,42774,DONE
322,0,16646,42774,DONE
2508,0,700,42775,DONE
588,0,1000,42775,DONE
443,0,3058,42775,COMPLETED
1944,0,3000,42775,DONE
411,0,18497,42775,DONE
1966,1,7500,42775,COMPLETED
1966,0,20567,42775,DONE
2543,0,6148,42775,COMPLETED
9635,0,4470,42775,COMPLETED
3760,1,5200,42775,COMPLETED
2489,0,5781,42775,COMPLETED
4484,0,18654,42775,DONE
3513,0,19078,42775,DONE
562,0,1900,42775,DONE
559,0,5672,42775,COMPLETED
7231,0,500,42775,DONE
3108,0,600,42775,DONE
2393,0,10737,42775,DONE
3693,0,15447,42775,DONE
772,0,24009,42775,DONE
2458,0,1100,42775,DONE
5270,0,44749,42775,COMPLETED
5270,1,51700,42775,COMPLETED
5270,1,25300,42775,COMPLETED
2895,0,18146,42775,DONE
2070,0,12138,42775,DONE
485,0,5697,42776,DONE
6701,0,200,42776,DONE
3883,0,500,42776,DONE
4355,0,1400,42776,DONE
3760,0,10539,42776,DONE
2926,1,4900,42776,COMPLETED
222,0,500,42776,DONE
1801,0,3700,42776,DONE
3909,1,13900,42776,COMPLETED
11265,1,800,42776,COMPLETED
2497,0,300,42777,DONE
7753,0,36130,42777,DONE
128,0,1800,42777,DONE
1713,0,700,42777,DONE
11013,1,7000,42777,COMPLETED
3835,0,900,42777,DONE
3554,0,500,42777,DONE
9,0,800,42777,DONE
1801,0,8368,42777,DONE
1372,0,300,42777,DONE
1077,0,1500,42778,DONE
9307,0,16549,42778,DONE
7753,0,7824,42779,DONE
128,0,600,42779,DONE
3424,1,10400,42779,COMPLETED
10364,1,4800,42779,COMPLETED
3883,0,700,42779,DONE
4355,0,1500,42779,DONE
4134,0,40872,42779,DONE
562,0,1900,42779,DONE
539,0,13500,42779,DONE
7445,0,200,42779,DONE
2122,0,22685,42779,DONE
3554,0,900,42779,DONE
3554,1,14900,42779,COMPLETED
979,0,1200,42779,DONE
6034,0,200,42780,DONE
115,0,800,42780,DONE
4034,0,3500,42780,DONE
1189,0,600,42780,DONE
11065,0,1100,42780,DONE
425,0,400,42780,DONE
401,1,5800,42780,COMPLETED
3374,0,1600,42780,DONE
3545,0,1400,42780,DONE
860,0,600,42780,DONE
2527,0,1000,42780,DONE
9883,0,500,42780,DONE
96,1,11500,42781,COMPLETED
1535,0,200,42781,DONE
3675,0,700,42781,DONE
892,0,900,42781,DONE
2762,0,500,42781,DONE
3069,0,400,42781,DONE
3026,0,3300,42781,DONE
1801,0,36574,42781,DONE
3593,0,3900,42781,DONE
3834,1,6700,42781,COMPLETED
128,0,9100,42782,DONE
3787,0,1800,42782,DONE
2651,0,200,42782,DONE
212,1,29700,42782,COMPLETED
2618,0,600,42782,DONE
1054,0,6800,42782,DONE
6555,0,12801,42782,DONE
1019,1,9600,42783,COMPLETED
459,0,3100,42783,DONE
456,1,29400,42783,COMPLETED
5442,0,300,42783,DONE
1787,0,1100,42783,DONE
772,1,12600,42783,COMPLETED
4937,1,16400,42783,COMPLETED
2124,0,2100,42783,DONE
1397,0,700,42783,DONE
11295,1,10700,42783,COMPLETED
322,0,3600,42783,DONE
1536,1,11900,42784,COMPLETED
2676,1,4500,42784,COMPLETED
4355,0,12500,42784,DONE
7231,0,46824,42784,DONE
7231,0,14949,42784,DONE
2970,1,4300,42784,COMPLETED
6555,0,39703,42784,DONE
3785,0,200,42785,DONE
3678,0,800,42785,DONE
623,0,200,42785,DONE
5622,0,43050,42785,DONE
8260,0,200,42785,DONE
3001,0,400,42785,DONE
4937,0,18790,42785,DONE
655,0,1000,42785,DONE
280,1,5100,42785,COMPLETED
2425,1,800,42785,COMPLETED
1678,1,200,42785,COMPLETED
925,0,4200,42786,DONE
4093,0,400,42786,DONE
4055,1,7700,42786,COMPLETED
1332,0,300,42786,DONE
2528,0,1000,42786,DONE
1005,1,5400,42786,COMPLETED
3760,0,24226,42786,DONE
2486,0,38820,42786,DONE
2762,0,30360,42786,DONE
5442,0,7651,42786,DONE
9307,1,1300,42786,COMPLETED
2011,0,900,42786,DONE
1721,0,1100,42786,DONE
5065,1,5000,42786,COMPLETED
697,0,2000,42786,DONE
3260,0,400,42786,DONE
3283,0,300,42787,DONE
6034,0,23851,42787,DONE
5891,1,20200,42787,COMPLETED
3781,0,800,42787,DONE
485,0,49112,42787,DONE
477,1,4400,42787,COMPLETED
6701,0,29082,42787,DONE
5442,0,34681,42787,DONE
7203,0,900,42787,DONE
1050,1,800,42787,COMPLETED
1366,0,5200,42787,DONE
1000,1,19000,42787,COMPLETED
1402,0,400,42787,DONE
2242,1,7600,42788,COMPLETED
6034,0,21847,42788,DONE
1157,0,700,42788,DONE
1750,1,10100,42788,COMPLETED
1065,0,400,42788,DONE
4347,0,700,42788,DONE
2023,1,12200,42788,COMPLETED
3374,0,9047,42788,DONE
1649,0,5500,42788,DONE
562,0,10200,42788,DONE
197,0,700,42788,DONE
3076,0,700,42788,DONE
3586,0,300,42788,DONE
9403,0,600,42788,DONE
1115,0,300,42788,DONE
5369,0,9600,42788,DONE
6473,1,27700,42788,COMPLETED
1874,0,400,42788,DONE
6034,0,15436,42789,DONE
2670,1,10200,42789,COMPLETED
423,0,500,42789,DONE
496,0,9200,42789,DONE
5483,0,1100,42789,DONE
2566,0,4300,42789,DONE
1127,1,14800,42789,COMPLETED
7401,0,3700,42789,DONE
187,0,200,42789,DONE
62,0,1100,42789,DONE
9,0,5800,42789,DONE
2,0,3700,42789,DONE
2099,0,18946,42789,DONE
6555,0,7707,42789,DONE
8330,0,600,42789,DONE
1771,0,500,42789,DONE
1829,0,6700,42790,DONE
4296,1,7700,42790,COMPLETED
2493,0,300,42790,DONE
2486,1,7900,42790,COMPLETED
4134,0,7256,42790,DONE
6425,0,700,42790,DONE
2527,0,27331,42790,DONE
9203,0,10400,42790,DONE
2902,1,8700,42790,COMPLETED
361,0,1600,42790,DONE
5868,0,29849,42791,DONE
3923,0,400,42791,DONE
4355,0,2793,42791,DONE
4484,0,13764,42791,DONE
2245,0,300,42791,DONE
3693,1,5500,42791,COMPLETED
2896,0,400,42791,DONE
2070,1,3700,42791,COMPLETED
982,0,65.6,42792,
1054,0,25.5,42792,
1006,0,47.4,42792,
1019,0,117.6,42792,
1005,0,27.6,42792,
1000,0,135.2,42792,
979,0,37.8,42792,
1050,0,20.6,42792,
2378,1,14.6,42792,COMPLETED
1830,0,59.8,42792,
1829,0,6.1,42792,
1843,0,133.8,42792,
1844,0,15.6,42792,
2666,0,9.4,42792,
2670,0,108,42792,
2676,0,91.2,42792,
2632,0,168,42792,
2694,0,54.1,42792,
2647,0,92.1,42792,
6701,0,23.6,42792,
6555,0,71.5,42792,
5891,0,130.8,42792,
562,0,14.6,42792,
1477,0,13.1,42792,
1536,0,125,42792,
1493,0,21.7,42792,
882,0,35.1,42792,
866,0,166.1,42792,
943,0,16.7,42792,
890,0,87.2,42792,
925,0,21.8,42792,
862,0,294.5,42792,
944,0,56.2,42792,
3674,0,11726,42792,DONE
6473,0,191.6,42792,
6034,0,42.4,42792,
7231,0,75.3,42792,
5868,0,10.8,42792,
9640,0,48.8,42792,
9307,0,23,42792,
9265,0,157.9,42792,
10364,0,100.8,42792,
1366,0,11.1,42792,
1338,0,160,42792,
1378,0,65.2,42792,
4078,1,12700,42792,COMPLETED
485,1,100,42792,COMPLETED
1077,0,5,42792,
1713,0,3,42792,
3760,0,185.5,42792,
3787,0,34.8,42792,
3834,0,99.9,42792,
3909,0,126.6,42792,
3818,0,178.1,42792,
9,0,54,42792,
128,0,18.5,42792,
11295,0,106.8,42792,
374,0,124.6,42792,
9635,0,20.3,42792,
704,0,159.6,42792,
697,0,22.8,42792,
652,0,158.9,42792,
627,0,160.9,42792,
3593,0,32.1,42792,
3674,0,1.7,42792,
3693,0,84.5,42792,
1843,1,8600,42792,COMPLETED
3026,0,39.4,42792,
3007,0,172.4,42792,
4134,0,110.9,42792,
1628,0,20.7,42792,
1675,0,22.6,42792,
1637,0,25.9,42792,
1678,0,24.9,42792,
1750,0,107.7,42792,
1801,0,166.9,42792,
1695,0,50.1,42792,
1726,0,173.5,42792,
2581,0,51.5,42792,
2543,0,30.2,42792,
2555,0,59.5,42792,
2527,0,11.4,42792,
2574,0,110.6,42792,
3424,0,187.8,42792,
4034,0,70.4,42792,
3374,0,52.5,42792,
5369,0,10.8,42792,
3734,0,18.4,42792,
9188,0,48.6,42792,
8051,0,79,42792,
559,0,14.4,42792,
576,0,29.6,42792,
496,0,8.3,42792,
485,0,233.1,42792,
2122,0,279.3,42792,
2070,0,86.2,42792,
2124,0,32.3,42792,
2087,0,141.7,42792,
4484,1,14.6,42792,COMPLETED
4078,0,140.2,42792,
4055,0,110.1,42792,
3554,0,174.4,42792,
3983,0,115.3,42792,
3883,0,2.3,42792,
3510,0,99.3,42792,
2585,0,115.5,42792,
1539,0,234.3,42792,
2099,0,237.1,42792,
5065,0,122.3,42792,
2714,0,37.3,42792,
2241,0,60.6,42792,
2177,0,24.7,42792,
2256,0,22.6,42792,
2242,0,24.3,42792,
239,0,14500,42792,DONE
361,0,10.4,42792,
322,0,28.6,42792,
317,0,2.4,42792,
280,0,84.7,42792,
346,0,123.9,42792,
2099,1,30,42792,COMPLETED
1127,0,111.8,42792,
1132,0,317.2,42792,
1134,0,58.1,42792,
1926,0,98.7,42792,
1966,0,121.2,42792,
1944,0,52.5,42792,
1972,0,23.7,42792,
2023,0,117.7,42792,
3545,0,39.3,42792,
3592,0,27.5,42792,
3487,0,174.8,42792,
3513,0,47.4,42792,
3514,0,16.7,42792,
744,0,15.7,42792,
793,0,17.5,42792,
772,0,115,42792,
830,0,56,42792,
813,0,89.9,42792,
212,0,175.3,42792,
239,0,2,42792,
244,0,44,42792,
197,0,15.6,42792,
4937,0,39348,42792,DONE
2357,0,30.1,42792,
2379,0,89.5,42792,
2378,0,209.4,42792,
2393,0,136.4,42792,
2714,0,7700,42792,DONE
2434,0,61.1,42792,
2486,0,12.5,42792,
2489,0,16.2,42792,
2453,0,9.4,42792,
2425,0,82.9,42792,
2429,0,65.5,42792,
2484,0,169.1,42792,
3302,0,11,42792,
5622,0,272.6,42792,
5442,0,35.4,42792,
5270,0,259.3,42792,
4937,0,203.5,42792,
7753,0,263.8,42792,
9188,0,50.9,42792,
7401,0,13.5,42792,
9265,0,183.5,42792,
9307,0,46.8,42792,
477,0,85.9,42792,
401,0,92,42792,
456,0,183.3,42792,
411,0,130.6,42792,
465,0,122.1,42792,
415,0,43.6,42792,
1276,0,117.4,42792,
2762,0,29,42792,
2763,0,154.9,42792,
112,0,17.3,42792,
86,0,11.4,42792,
96,0,54.6,42792,
4484,0,199.1,42792,
4240,0,157.1,42792,
4296,0,105,42792,
4355,0,22.8,42792,
11265,0,92.4,42792,
11013,0,77.1,42792,
11295,0,37.3,42792,
2,0,13.5,42792,
2926,0,97.2,42792,
2895,0,44.6,42792,
2884,0,68.7,42792,
2970,0,87.6,42792,
2925,0,108.3,42792,
2902,0,105.9,42792,
2881,0,115,42792,
2378,1,13500,42801,COMPLETED
3302,0,10600,42801,DONE
3391,0,300,42801,DONE
1898,0,1000,42801,DONE
704,1,12900,42801,COMPLETED
3367,0,800,42801,DONE
3818,1,14700,42801,COMPLETED
1713,0,11000,42802,DONE
3915,0,300,42802,DONE
415,0,4800,42802,DONE
1077,0,12900,42802,DONE
4134,1,35400,42802,COMPLETED
4134,0,40018,42802,DONE
3513,0,1400,42802,DONE
7231,0,26812,42802,DONE
1780,0,900,42802,DONE
2632,1,9100,42802,COMPLETED
8519,0,1100,42802,DONE
5868,1,7600,42803,COMPLETED
1539,1,10200,42803,COMPLETED
1338,0,26968,42803,DONE
1965,0,8263,42803,DONE
2574,1,6300,42803,COMPLETED
2484,1,8300,42803,COMPLETED
1695,0,500,42803,DONE
1805,0,8700,42803,DONE
3007,1,12300,42803,COMPLETED
3980,0,800,42803,DONE
1378,0,600,42803,DONE
1726,1,11600,42803,COMPLETED
862,1,27900,42803,COMPLETED
2434,0,3300,42803,DONE
2503,0,12900,42804,DONE
1132,1,30800,42804,COMPLETED
485,1,21100,42804,COMPLETED
4350,0,1000,42804,DONE
2762,0,23272,42804,DONE
4484,1,18600,42804,COMPLETED
4937,0,38655,42804,DONE
4937,1,60500,42804,COMPLETED
6555,1,15800,42804,COMPLETED
2881,1,5100,42804,COMPLETED
686,0,1100,42804,DONE
362,0,900,42804,DONE
2503,0,9574,42805,DONE
123,0,4843,42805,COMPLETED
465,1,6100,42805,COMPLETED
1830,0,11538,42805,DONE
2670,0,24381,42805,DONE
3915,0,23131,42805,DONE
494,0,12880,42805,DONE
396,0,23268,42805,DONE
2177,0,5123,42805,COMPLETED
5622,0,41016,42805,DONE
5622,1,29500,42805,COMPLETED
1366,0,7626,42805,DONE
3960,0,4807,42805,COMPLETED
1126,0,4187,42805,DONE
1127,0,23330,42805,DONE
2342,0,3247,42805,COMPLETED
882,0,5600,42805,DONE
8051,0,26040,42805,COMPLETED
1909,0,3191,42805,COMPLETED
244,0,3972,42805,COMPLETED
374,0,23041,42805,COMPLETED
1780,0,24999,42805,DONE
1699,0,5224,42805,COMPLETED
2396,0,4203,42805,COMPLETED
62,0,5079,42805,COMPLETED
1806,0,5029,42805,COMPLETED
764,0,6238,42805,COMPLETED
793,0,3401,42805,COMPLETED
3983,1,1000,42805,COMPLETED
9265,1,13000,42805,COMPLETED
2011,0,3016,42805,COMPLETED
2902,0,20213,42805,DONE
652,1,7800,42805,COMPLETED
11265,0,7618,42805,DONE
346,0,19935,42805,DONE
299,0,600,42805,DONE
2429,0,14609,42805,DONE
2433,0,4718,42805,COMPLETED
2508,0,4271,42806,COMPLETED
2497,0,5956,42806,DONE
2242,0,43493,42806,COMPLETED
1134,0,11970,42806,DONE
1144,0,3375,42806,COMPLETED
485,1,1591,42806,DONE
461,0,6388,42806,COMPLETED
3935,0,21736,42806,COMPLETED
11065,0,11855,42806,DONE
423,0,2913,42806,COMPLETED
395,0,22054,42806,DONE
411,1,6400,42806,COMPLETED
401,0,12817,42806,DONE
890,0,200,42806,DONE
2488,0,400,42806,DONE
1926,1,400,42806,COMPLETED
197,0,21718,42806,DONE
192,0,5859,42806,COMPLETED
2985,0,400,42806,DONE
3008,0,6934,42806,COMPLETED
943,0,3217,42806,COMPLETED
3983,0,14626,42806,DONE
979,0,17914,42806,DONE
982,0,400,42806,DONE
982,0,4550,42806,DONE
3871,0,4356,42806,COMPLETED
2861,0,5915,42806,COMPLETED
5369,0,5643,42806,DONE
6555,0,8763,42806,DONE
1730,0,6689,42806,COMPLETED
655,0,23625,42806,DONE
8330,0,21118,42806,DONE
361,0,23638,42806,DONE
627,1,10800,42806,COMPLETED
2241,0,11584,42807,DONE
2378,1,9612,42807,DONE
115,0,7665,42807,DONE
142,0,4555,42807,COMPLETED
3787,0,20950,42807,DONE
4034,0,5080,42807,DONE
2220,0,6153,42807,COMPLETED
485,1,3572,42807,DONE
435,0,5039,42807,COMPLETED
465,0,12785,42807,COMPLETED
2056,0,200,42807,DONE
1179,0,4212,42807,COMPLETED
3935,0,700,42807,DONE
2817,0,13672,42807,DONE
2817,0,200,42807,DONE
496,0,5404,42807,DONE
396,0,1100,42807,DONE
1844,0,3242,42807,COMPLETED
1843,0,17632,42807,COMPLETED
2694,0,5500,42807,DONE
4350,0,17565,42807,DONE
1126,0,7500,42807,DONE
2330,0,3395,42807,COMPLETED
3651,0,5081,42807,COMPLETED
1898,0,10266,42807,COMPLETED
3510,0,3400,42807,DONE
3514,0,3399,42807,COMPLETED
1276,1,3300,42807,COMPLETED
3734,0,8700,42807,DONE
385,0,1000,42807,DONE
1972,0,5298,42807,COMPLETED
1601,0,4042,42807,COMPLETED
2393,1,6900,42807,COMPLETED
6425,0,12368,42807,DONE
10364,0,14493,42807,DONE
1801,0,20562,42807,DONE
1545,0,14000,42807,DONE
944,0,3600,42807,DONE
1115,0,3440,42807,COMPLETED
1000,0,31348,42807,COMPLETED
2519,0,5544,42807,COMPLETED
9188,0,12710,42807,COMPLETED
3047,0,3474,42807,COMPLETED
1575,0,5448,42807,COMPLETED
2429,1,3700,42807,COMPLETED
1775,0,6932,42807,COMPLETED
830,0,16623,42808,DONE
485,1,7421,42808,DONE
623,0,3108,42808,COMPLETED
1157,0,5588,42808,DONE
4596,0,12200,42808,DONE
4240,0,27666,42808,COMPLETED
748,0,700,42808,DONE
415,0,13110,42808,DONE
1477,0,3151,42808,COMPLETED
8260,0,37435,42808,COMPLETED
1006,0,3737,42808,COMPLETED
2488,0,3046,42808,COMPLETED
8051,1,13700,42808,COMPLETED
1276,0,6774,42808,DONE
2618,0,6559,42808,COMPLETED
2087,1,2300,42808,COMPLETED
3007,0,22452,42808,DONE
944,0,16927,42808,DONE
3586,0,12951,42808,DONE
2122,1,26200,42808,COMPLETED
2002,0,400,42808,DONE
2895,0,500,42808,DONE
862,0,44333,42808,COMPLETED
686,0,10533,42808,DONE
3487,1,9600,42808,COMPLETED
11295,0,18347,42808,DONE
3168,0,6303,42808,COMPLETED
2241,1,4500,42809,COMPLETED
7753,1,27500,42809,COMPLETED
925,0,18500,42809,DONE
1019,0,19746,42809,DONE
830,1,6400,42809,COMPLETED
3675,0,46099,42809,COMPLETED
3678,0,8901,42809,DONE
2647,1,1200,42809,COMPLETED
1830,1,3600,42809,COMPLETED
4240,1,22300,42809,COMPLETED
1965,0,300,42809,DONE
5483,0,16002,42809,COMPLETED
5622,1,36800,42809,COMPLETED
2555,0,2900,42809,DONE
1005,0,34483,42809,COMPLETED
1006,0,2000,42809,DONE
1132,0,48098,42809,COMPLETED
890,0,7041,42809,DONE
892,0,6177,42809,COMPLETED
2762,0,49303,42809,DONE
2926,0,10584,42809,DONE
3734,0,4939,42809,DONE
244,0,3600,42809,DONE
374,1,13600,42809,COMPLETED
212,0,49590,42809,COMPLETED
220,0,400,42809,DONE
1979,0,3021,42809,COMPLETED
1688,0,5439,42809,COMPLETED
2632,0,14264,42809,DONE
3704,0,6242,42809,COMPLETED
3691,0,6540,42809,COMPLETED
3980,0,8555,42809,DONE
9188,1,2400,42809,COMPLETED
1730,1,400,42809,COMPLETED
2884,1,700,42809,COMPLETED
1422,0,400,42809,DONE
652,0,13851,42809,DONE
3818,0,17366,42809,DONE
2379,1,500,42810,COMPLETED
2379,0,5072,42810,DONE
1891,0,800,42810,DONE
3785,0,23842,42810,DONE
3788,0,300,42810,DONE
1147,0,400,42810,DONE
1134,1,4800,42810,COMPLETED
2219,0,12400,42810,DONE
456,0,47831,42810,COMPLETED
2647,0,12015,42810,DONE
1944,0,17980,42810,DONE
1338,1,28700,42810,COMPLETED
1338,0,48140,42810,DONE
3302,0,3008,42810,COMPLETED
494,0,6600,42810,DONE
2555,0,19022,42810,DONE
2694,0,17585,42810,DONE
882,0,11587,42810,DONE
2425,0,8905,42810,DONE
2023,0,23524,42810,DONE
2925,1,100,42810,COMPLETED
7445,0,17877,42810,DONE
222,0,34409,42810,COMPLETED
3592,0,6007,42810,COMPLETED
1239,0,900,42810,DONE
2581,0,3300,42810,DONE
866,1,4800,42810,COMPLETED
1402,0,9006,42810,DONE
317,0,5922,42810,COMPLETED
86,0,3243,42811,COMPLETED
96,0,44221,42811,COMPLETED
813,1,8000,42811,COMPLETED
813,0,12154,42811,COMPLETED
3674,0,6500,42811,DONE
4078,0,23736,42811,DONE
588,0,7634,42811,DONE
1338,1,26300,42811,COMPLETED
395,1,1600,42811,COMPLETED
2528,0,4236,42811,COMPLETED
1750,0,24863,42811,DONE
2039,0,13700,42811,DONE
5442,0,22060,42811,DONE
576,0,6207,42811,COMPLETED
385,0,3469,42811,COMPLETED
3069,0,23156,42811,DONE
3026,0,20740,42811,DONE
2712,0,6604,42811,COMPLETED
2585,1,6900,42811,COMPLETED
2896,0,3221,42811,COMPLETED
1731,0,4758,42811,COMPLETED
2884,0,5810,42811,DONE
697,0,22067,42811,DONE
866,0,12644,42811,DONE
346,1,15200,42811,COMPLETED
627,0,22349,42811,DONE
1874,0,3151,42811,COMPLETED
1678,0,23116,42811,DONE
1771,0,4579,42811,DONE
5891,0,32594,42812,COMPLETED
1535,0,4136,42812,DONE
1536,0,25609,42812,COMPLETED
3781,0,24033,42812,DONE
4055,0,20281,42812,DONE
2293,0,6745,42812,COMPLETED
1829,0,7429,42812,DONE
2651,0,35929,42812,COMPLETED
2666,0,2901,42812,COMPLETED
3923,0,21971,42812,DONE
425,0,5893,42812,DONE
428,0,6614,42812,COMPLETED
9640,0,500,42812,DONE
1222,0,6310,42812,COMPLETED
3835,0,14233,42812,DONE
2574,0,14319,42812,DONE
2357,0,6434,42812,COMPLETED
2493,0,8063,42812,DONE
2484,0,14779,42812,DONE
2423,0,5671,42812,COMPLETED
1926,0,4507,42812,DONE
2925,0,6446,42812,DONE
3391,0,16980,42812,DONE
2763,1,8600,42812,COMPLETED
704,0,17477,42812,DONE
7401,0,20236,42812,COMPLETED
2974,0,5582,42812,COMPLETED
2099,1,27100,42812,COMPLETED
3213,0,400,42812,DONE
2,0,20236,42812,COMPLETED
1628,0,4276,42812,COMPLETED
860,0,13185,42812,DONE
1054,0,9650,42812,DONE
1050,0,25317,42812,COMPLETED
3593,0,15787,42812,DONE
4937,1,800,42812,DONE
2458,0,25920,42812,COMPLETED
3834,0,13875,42812,DONE
8321,0,800,42812,DONE
280,0,12043,42812,DONE
2434,0,4391,42812,DONE
8519,0,37346,42812,COMPLETED
1675,0,4327,42812,COMPLETED
3644,0,3456,42813,COMPLETED
3644,0,1000,42813,DONE
163,0,6698,42813,COMPLETED
112,0,6582,42813,COMPLETED
1539,0,32327,42813,DONE
477,0,16392,42813,DONE
588,0,8200,42813,DONE
2648,0,400,42813,DONE
1944,1,6800,42813,COMPLETED
2676,0,15263,42813,DONE
11013,0,42244,42813,COMPLETED
1966,1,5700,42813,COMPLETED
9640,0,19106,42813,COMPLETED
4296,0,18729,42813,DONE
4318,0,200,42813,DONE
1493,0,5009,42813,COMPLETED
1481,0,3098,42813,COMPLETED
2838,0,900,42813,DONE
4355,0,1400,42813,DONE
3760,1,19800,42813,COMPLETED
744,0,5740,42813,COMPLETED
3367,0,22608,42813,DONE
7231,1,33600,42813,COMPLETED
3117,0,5355,42813,COMPLETED
2313,0,1000,42813,DONE
2110,0,3076,42813,COMPLETED
2256,0,4729,42813,COMPLETED
3554,0,500,42813,DONE
3545,0,20203,42813,DONE
1637,0,5718,42813,COMPLETED
1801,0,31467,42813,DONE
1801,1,54300,42813,COMPLETED
3909,0,24400,42813,DONE
4937,1,2687,42813,DONE
1378,0,24419,42813,DONE
2458,0,300,42813,DONE
2453,0,3285,42813,COMPLETED
2970,0,9658,42813,DONE
2581,0,19653,42813,DONE
2585,0,14963,42813,DONE
2124,0,21431,42813,DONE
5270,1,11900,42813,COMPLETED
1726,0,13967,42813,DONE
2881,0,6959,42813,DONE
1397,0,17278,42813,DONE
3487,0,15914,42813,DONE
322,0,16646,42813,DONE
7753,0,42008,42814,DONE
3283,0,18467,42814,DONE
128,0,1800,42814,DONE
7123,0,200,42814,DONE
4093,0,700,42814,DONE
443,0,3058,42814,COMPLETED
6701,1,1000,42814,COMPLETED
1332,0,22335,42814,DONE
1189,0,3433,42814,COMPLETED
411,0,18497,42814,DONE
1966,0,20567,42814,DONE
2543,0,6148,42814,COMPLETED
9635,0,4470,42814,COMPLETED
3883,0,11800,42814,DONE
2489,0,5781,42814,COMPLETED
5428,0,1000,42814,DONE
2926,1,6800,42814,COMPLETED
3513,0,19078,42814,DONE
559,0,5672,42814,COMPLETED
187,0,4197,42814,COMPLETED
222,1,4500,42814,COMPLETED
3108,0,3063,42814,COMPLETED
2393,0,10737,42814,DONE
2985,0,4519,42814,COMPLETED
3076,0,4164,42814,COMPLETED
9,0,800,42814,DONE
1801,1,22800,42814,COMPLETED
3693,0,15447,42814,DONE
3909,1,16400,42814,COMPLETED
772,0,24009,42814,DONE
9307,0,8588,42814,DONE
5270,0,44749,42814,COMPLETED
2895,0,18146,42814,DONE
11265,1,4800,42814,COMPLETED
8321,0,10562,42814,DONE
362,0,9542,42814,DONE
279,0,400,42814,DONE
2070,0,12138,42814,DONE
2497,0,9600,42815,DONE
104,0,500,42815,DONE
1152,0,800,42815,DONE
11013,1,26300,42815,COMPLETED
497,0,1000,42815,DONE
3835,0,5700,42815,DONE
4347,0,900,42815,DONE
2486,0,42899,42815,DONE
2122,0,9246,42815,DONE
1372,0,13500,42815,DONE
83,0,500,42816,DONE
1713,0,700,42816,DONE
3327,0,1100,42816,DONE
1077,0,1500,42816,DONE
562,0,1900,42816,DONE
7445,0,8677,42816,DONE
3001,0,1000,42816,DONE
5740,0,800,42816,DONE
1372,0,1000,42816,DONE
2008,0,700,42816,DONE
3788,0,1800,42817,DONE
2216,0,900,42817,DONE
3424,1,3000,42817,COMPLETED
10738,0,200,42817,DONE
1815,0,500,42817,DONE
10364,1,10300,42817,COMPLETED
1065,0,1300,42817,DONE
3883,0,500,42817,DONE
8132,0,700,42817,DONE
539,0,3100,42817,DONE
7445,0,100,42817,DONE
3554,1,6700,42817,COMPLETED
979,1,4600,42817,COMPLETED
2714,0,1300,42817,DONE
115,0,7300,42818,DONE
128,0,600,42818,DONE
6034,1,16300,42818,COMPLETED
3788,0,1000,42818,DONE
2216,0,7928,42818,DONE
4034,1,100,42818,COMPLETED
1338,0,13327,42818,DONE
11065,0,6000,42818,DONE
425,0,9600,42818,DONE
401,1,5400,42818,COMPLETED
2527,1,3400,42818,COMPLETED
4321,0,1000,42818,DONE
2823,0,300,42818,DONE
3883,0,700,42818,DONE
4355,0,1500,42818,DONE
5428,0,35931,42818,DONE
3374,1,3200,42818,COMPLETED
562,0,1900,42818,DONE
3545,1,10600,42818,COMPLETED
3554,0,900,42818,DONE
2099,0,43854,42818,DONE
3001,0,1100,42818,DONE
860,0,2700,42818,DONE
9883,0,9800,42818,DONE
2378,0,29841,42819,DONE
96,1,24700,42819,COMPLETED
1535,0,7500,42819,DONE
3675,1,8500,42819,COMPLETED
5428,0,47436,42819,DONE
2762,1,39300,42819,COMPLETED
7454,0,500,42819,DONE
3069,1,300,42819,COMPLETED
3026,1,12400,42819,COMPLETED
3593,1,7500,42819,COMPLETED
9203,0,12782,42819,DONE
3260,0,37304,42819,DONE
3834,1,7600,42819,COMPLETED
1773,0,300,42819,DONE
7753,1,39200,42820,COMPLETED
7753,0,8293,42820,DONE
128,0,2800,42820,DONE
3787,1,12200,42820,COMPLETED
2651,1,6700,42820,COMPLETED
10973,0,8897,42820,DONE
10973,0,400,42820,DONE
2599,0,600,42820,DONE
5442,0,31932,42820,DONE
188,0,700,42820,DONE
212,1,40100,42820,COMPLETED
1054,1,700,42820,COMPLETED
7753,0,9229,42821,DONE
1019,1,12800,42821,COMPLETED
1166,0,200,42821,DONE
456,1,39800,42821,COMPLETED
459,0,6500,42821,DONE
504,0,1100,42821,DONE
5442,1,37500,42821,COMPLETED
3374,0,45670,42821,DONE
1787,0,9900,42821,DONE
1518,0,200,42821,DONE
772,1,16700,42821,COMPLETED
4937,1,19800,42821,COMPLETED
2124,1,12300,42821,COMPLETED
1397,0,4700,42821,DONE
11295,1,10700,42821,COMPLETED
322,1,5900,42821,COMPLETED
2378,1,1500,42822,COMPLETED
2189,0,700,42822,DONE
6040,0,1100,42822,DONE
1536,1,19700,42822,COMPLETED
7123,0,26000,42822,DONE
2676,1,8800,42822,COMPLETED
4355,0,800,42822,DONE
2970,1,6000,42822,COMPLETED
2876,0,200,42822,DONE
299,0,33882,42822,DONE
3785,0,1500,42823,DONE
3678,0,5300,42823,DONE
6897,0,200,42823,DONE
6701,0,28137,42823,DONE
3001,0,12200,42823,DONE
1505,0,400,42823,DONE
9203,0,10601,42823,DONE
655,1,700,42823,COMPLETED
8260,1,8200,42823,COMPLETED
280,1,4800,42823,COMPLETED
2425,1,7300,42823,COMPLETED
1678,1,12100,42823,COMPLETED
925,1,6900,42824,COMPLETED
4093,0,10600,42824,DONE
4055,1,16400,42824,COMPLETED
1332,1,1300,42824,COMPLETED
9707,0,500,42824,DONE
1005,1,18700,42824,COMPLETED
3374,1,23700,42824,COMPLETED
3374,0,47773,42824,DONE
4377,0,500,42824,DONE
717,0,400,42824,DONE
1801,0,5630,42824,DONE
5740,0,42472,42824,DONE
4937,1,5400,42824,COMPLETED
9307,1,7100,42824,COMPLETED
1721,0,9400,42824,DONE
5065,0,1700,42824,DONE
697,1,8500,42824,COMPLETED
3260,1,23200,42824,COMPLETED
3260,0,35947,42824,DONE
3283,0,400,42825,DONE
5891,1,24200,42825,COMPLETED
3781,0,800,42825,DONE
477,1,12300,42825,COMPLETED
2814,0,500,42825,DONE
5442,0,22673,42825,DONE
7203,0,12900,42825,DONE
3068,0,500,42825,DONE
1050,1,11000,42825,COMPLETED
1366,0,3000,42825,DONE
1000,1,25700,42825,COMPLETED
1402,0,6700,42825,DONE
